-0.5979123718445718
-0.8634468894264739
-0.3138822660437863
-0.13203129279053133
-0.2871269760790763
0.5542258000059183
-0.7378815694144876
-0.5240535074107548
-0.3263381941658742
-0.5914629681237695
-0.19348054614073573
-0.2779070999124194
-0.44396692363152684
-0.11198498373267901
-0.2743318508394212
0.3478847128977388
-0.20387801255195223
-0.3005702228027398
0.7528354231612336
-0.611445398249376
-0.7591819449151574
-0.2685270413202873
-0.690766489006827
0.7256095199473444
-0.31212207348732596
0.3003402780803274
-0.17911344904457518
0.29186396652575575
1.1543910994119486
0.3251017111662688
-0.6729034639784017
-0.14945477112947478
-0.4695968025564405
-0.2764934543080848
-0.5120974731464651
0.497775126344943
-0.4934875160741865
-0.6193625999417203
-0.3197194575547447
0.21986226721684116
-0.19849400844596116
1.1701438210832544
-1.1443518488760653
-0.00967338512507298
0.37058524184663516
0.22581420644654368
-0.003144346400342006
0.289829698237543
-0.5383215900953381
-0.050070459870892314
-0.2740161403440872
0.7159178742084017
-0.17364489246278722
0.27684884013772687
0.2189235719642297
-0.06549347932566872
-0.6557783108188203
-1.1277651006653
-0.3208440504566182
-0.4242622450621769
0.17190842112000126
0.19991988542948363
-0.6077553707651244
-0.2669492959691855
0.4034563109688562
-0.7400139620287334
0.07489194639547471
-0.09613569511840625
0.057090777816376774
-0.07999930012083432
-0.358291296142108
-0.2574313012315682
-0.7688111201397886
-0.22501950637829488
0.12986532993743116
-0.28398474066598756
0.41881788650645563
-0.1533519157729292
-0.6851216075521755
-0.8522591573926058
-0.7816299506338665
0.272934315004134
0.10591679493412962
-0.1967191554014962
-0.3084840106987991
1.2608972172734652
0.4833656887729174
-0.144561844522785
0.2415179869100539
0.1219294311186573
-0.6865914881917131
-0.28996568371490344
-0.4605586491639102
-0.590478708233327
-0.29196819373249217
-0.6680070537837755
0.23991721805729518
-0.0010459103730478846
-0.8188444974844319
-1.7973294480704476
-0.8762757941799669
-0.5272975263676344
-0.6750725766557768
0.510827849563367
0.19493958829939811
-0.4611108374685396
-1.2087369392015421
-0.5956351994521859
-0.2713502767791771
0.05083205510909087
0.1738611415890178
-0.1692248850214888
-0.518753751225396
-0.20435088027887646
0.26778356156785926
-0.3264264229429809
-0.11702753632414845
0.03997820141008006
0.21287085762689617
-0.7969910965962421
0.030245944001114203
0.7332924606644349
-0.06163754014259066
-0.3060737869258835
0.054005766815536135
0.1939267284373251
-0.4589484137118901
-0.36614732337260697
-0.8020736860910398
0.47180838657893664
-0.19233653171030057
-0.3908925462135255
0.14792538333243394
-0.0403483261443457
-0.4945084515685013
-0.6733762438507738
0.13916026052016278
-0.28948767246671747
-0.46305847707674136
-0.4088059567545932
0.20393471790555776
-0.28341037445439377
-0.1294198711998128
-1.5523075094310004
-0.43061184329336705
0.19292782622231544
0.15088788309631915
0.31910885910650677
-0.38017038783630913
0.6633762392367646
-0.36544489369675526
-0.13790106977595604
-0.22304189077723346
0.2958981543034633
-0.5648943487174518
-0.3023699123980909
0.8903926558135449
-0.2124014478456541
-0.4007768542919838
0.308837937319882
0.17789841844637652
0.005652739138772927
-0.3437782721788812
-0.2576440772230737
-0.6331467135067416
-0.6107550722470796
-0.8610030818791168
-0.07757262355375953
0.10905417240279625
-0.9165119183725925
-0.24593988281030232
-0.16188394902939715
-0.5237708576411922
-0.35059387567491324
0.7907712059223436
-1.282073892494409
-0.703976954709405
0.36700660033947247
-0.1791197172896635
-0.052866104081836535
-0.12763809658411077
-0.661333774365924
-1.0589764335452099
-0.14579047614481827
0.48148700964867874
-0.39134774709147613
0.16573667814009554
-0.36074772839372016
0.7450955590745961
-0.9844822030438736
-0.8542963443150534
-0.46390099823312003
-0.6176841147084101
-0.4301811704729856
-0.323758582284652
-0.3972686660662855
-0.6124670538383867
-0.5119946520623265
-1.0905661705556258
-0.7243435827468919
-0.0361204245331145
-0.039682320303412615
0.43767118414133477
0.1019556535200183
-0.4960466023201405
0.05460597352321125
-1.0866382656578162
-0.6625832584097188
-0.5236492409438206
-0.29679219954802605
-0.4390160475276957
-0.1415709903428659
-0.24605000296206597
-0.31324545221813405
-0.056713026159217826
0.10944888139330512
-1.0288500198804318
-0.06601057601637586
-0.2766755566200085
-0.4383153560029787
-0.42812334079081876
1.0015542902340109
0.5882790277556639
0.16744529890775056
-0.9892927650703716
-0.46540731422937165
-0.18218025719589367
-0.08901943869523231
-0.23296270880000913
-0.3460121518764839
-0.6691561370238581
-0.7388853864658432
-0.986485611784596
0.4744542428167429
-0.17102923949338775
0.09192365873855367
-0.26375244213674476
-0.5141989414384819
0.22203449171768352
0.022973868433966104
0.11003380489107205
-0.5343796489574474
-0.8803015895849094
0.5223257313718913
-0.14171565968445068
-1.0185021742830713
-0.033760551162435364
0.03608639720906241
-0.03886156169018031
0.933231178272072
0.14561473799137456
-0.9358508007422136
-1.0377295558685335
-0.9914643303149173
0.04409899536250568
0.14003427218872985
0.03449260798541577
-0.5973459508339369
-0.6267020317002612
-0.7726626198141033
0.025667374028807612
0.2180706415439044
0.1510562491851943
0.7020646771185286
0.5090074283810857
-0.8746534758840466
0.1174550337203488
-0.608274400727769
0.02912695643249142
0.135574086864974
0.03790641607376095
-0.12447053888266343
-0.40086086051132136
0.15778142764092853
-0.08377284851312797
-0.041284872211589274
-0.10889191822979767
-0.06884758928269301
0.290239891069582
-0.4851936465417983
0.44349957562247017
-0.6830624108413087
-0.13694061608681907
-0.024956875968204093
-0.6528720771807038
-0.18497671293614257
-0.7316171224266578
-0.33211982770177984
-0.7491085887832957
-0.4356641689789084
-0.02692796555142895
-0.14567209170460627
-0.2347181571539383
-0.535147452573846
0.1671387802152033
0.24294775183967715
0.9700488176611126
0.014046575282836279
0.021768069180834404
0.20873978135128418
0.47180589933903216
1.1371531686097092
0.5581514344478146
0.4143016974682612
-0.08404775002120557
0.04007260562025597
0.04316985132719084
0.4699897072114619
-0.33887824054113547
-0.19784659126361026
0.10817453291152289
0.16916613616485437
0.13184026012792902
-0.2933013772276457
-0.26161706571775406
0.10704705574567402
-0.35918320863889647
-0.5022104251611601
0.0964740215405558
-0.10190530544208395
0.1868427673205835
-0.5067051493283703
-0.7200549856760211
-0.7963205809845424
-0.5233078748448889
0.15319953967041483
0.13904398528310696
0.3509605153400598
0.083074006274823
0.5000299962757339
-0.20873944370770042
-0.022712039832034847
-0.01555556309647354
-0.13393082738933457
-0.1378938884872603
0.09983702955398917
-0.8707187116021261
-0.7383822455342944
-0.1989586410016605
0.38453538718267655
-0.046815675634248925
-0.11094036755563468
-0.19619822554322197
0.1946070766936136
-0.23616744910415108
-0.41409906573146704
0.14206297349735633
-0.0038864675654334767
-0.010131210955854588
-0.31061916910298853
0.10564153435179663
-0.20445308552767708
-0.49019105201455865
-0.4199356732574683
0.10804002415828617
-0.2842511470309392
0.45861374475079497
0.045283312526039746
-0.09054402836433607
-0.06311787919938563
0.05019506222163892
0.02505321306221686
0.09534452794219071
0.4233626987251532
-0.21912619162082234
-0.03764261864111972
0.1767308293557593
0.74588943219839
-0.04035973291010884
0.008725441689453009
0.42404027407428374
0.16015204929003068
-0.5127189747724273
0.12218326749320572
-0.2377296296784322
-1.036780020618419
0.4235618919963775
0.06843550995819993
-0.643022948502639
-0.2833732835063907
0.3250093208726534
0.08966094491469111
0.368463248938063
-0.19813952047985328
-0.34407933464362866
-0.10905370319231007
-0.08221277508432048
-0.761162374066712
0.1943540074410466
-0.9091426991825463
-0.1612601422085985
-0.2703439086728236
-0.32242177887602175
0.11089742802114377
-0.3190178931568393
-0.37723458561987727
0.11695653388054525
-0.5344227126917919
-0.33414589087224983
-0.5179038397279984
0.4692540311985477
-0.4001290194512748
-0.6969554240270949
-0.923622530529283
-0.3355143938539279
-0.19392348467473197
-0.020134719067942616
0.2618928908004095
1.2135117076141868
-0.3019856652488591
-0.31359162756156767
-0.45773568036101925
0.16591805649054348
0.31474475517990846
-0.03683968631035714
-0.17483730230456684
-0.152419808102123
-0.14971570307278967
-0.26333856941601685
-0.059765430851325754
-1.1446458253064296
0.2709974954861996
-1.0827434508354452
-0.3975242858082516
-0.7071569463990134
0.5906161673143933
-0.5224485914138881
0.11061462209260083
-0.412035034595071
-0.31934420251269485
-0.7914023747118483
-0.4094674446824967
0.6619011961001388
0.051523882259017904
-0.7947680351131021
-0.30883592203360183
-0.52660467826907
0.5863633301492447
0.23616823427116213
-0.7576262588617546
-0.1113180302352948
0.2919980482536621
0.7944859607317601
-0.7292522262094611
-0.9505009653698481
-0.08598414505595221
0.34060601007930863
0.19499579188691263
0.34799731805590023
0.3519978395749622
-0.6862003518414207
0.3618477510253121
0.31817371306654213
-0.3372140746746478
0.2548369786741806
0.3359983989259251
0.5259990634662793
-0.08328261180753972
0.7935040323475062
0.13214983271443026
-0.120883946843246
-0.24314357611837947
0.5419994537763434
0.4159988599356478
-0.6896837707597635
-0.10245596595087113
0.16529077615117269
0.06838191610229825
0.618337456441038
0.31799774261542857
-0.17615300332715847
-0.04266732083512238
-0.1182685248572069
0.03161773255534321
-0.5500793127459631
-0.19755901612907262
-0.2559145806184252
0.08440601929069307
0.38199725945088836
0.764373021481262
0.0412159690188698
0.3633665751871939
0.8781682332529891
0.477999122703111
0.24899797161913811
0.16118219186588728
0.17552862062002952
-0.043019650901419286
-0.2585685528871783
0.28388129108497523
0.4682568116017123
0.19199899176118546
-0.9214689154146027
-0.332682206770976
-0.3015863779482256
-0.3621927092903643
-0.2871029507481284
-0.6153857124568705
0.44699910978518215
0.05240590701486042
-0.09033344616401019
-0.0037883211085573444
-0.8174037950789501
-0.6245122188913258
-0.4836657144801603
-0.005161533808945167
0.40299922503122726
-0.5083577797670175
0.3587497692631412
-0.8150557581146218
-0.6129060487244271
0.07999665790681189
0.12699817362799515
-0.006423446034061655
-0.4763335634859362
-0.0019119398108201928
-0.5169933762772523
-0.2120091556086316
-0.47276470101687934
0.016432927367898153
0.4129992432100983
0.5440665635031809
-1.6649188882521742
-1.995365342383202
0.13248455774552356
0.002532477194803445
-0.19347900526824838
0.2709986776419082
-1.037572129097387
-0.14859973956008513
-0.7360225579902486
-0.04406651380978392
-0.37639155999968027
-0.33156538370474625
0.43399951198034087
-1.4476272767536125
-0.10609680456489338
0.3596627497825018
0.002757543831357987
-0.20397580707485635
-0.5133723340937231
0.07762740223432588
0.21499941594090097
-0.4343209072506969
-0.1443897307617123
0.6518439963792672
0.3963392135514016
0.394998975286554
0.37199818455533434
0.44296017875603827
-0.18969912435324793
-0.0368722941556689
0.11514202431523733
0.3806334325875809
-0.41247078590396236
0.4159987095978938
-0.1770849928347164
-0.7243502062330938
-0.5935775649642807
0.32153435124905244
-0.42517618106299515
0.3069985169158527
0.4509983723900454
-0.16415904483634053
-0.3552388809238751
-0.8714552431119398
0.08235886753739619
-0.4176515105473796
-0.8306877547617697
0.1259799520018799
0.13796777609964192
-0.905991269915263
-0.3531959217515371
-0.42561236767533955
-0.47919995641285124
-0.20861494998357843
-1.596704757640086
-1.04168410305332
0.7162088128698297
-0.11930935415726325
0.049382669543980406
-0.34318115029024276
-1.2529724165229452
-0.46299456809571554
-0.47591071232497195
-0.3926114085896934
0.3804147990307967
-0.19060164448303307
0.20178036815763384
0.34150407317177833
0.8556799507292642
0.5396535542636565
-0.17818341263208107
-0.30368245548757034
-0.5845132228544677
-0.2804644575031558
-0.002362170486357694
0.20713411717720828
-0.7475152013937907
-0.366083133122358
0.7204192091608752
-0.8336974357635836
-0.3585616641634283
-0.3129893886624868
0.21808709290337835
-0.20935123544738277
0.1753897220757683
-0.03921646504979972
-0.47156232915876295
1.1177898139859754
0.24840139761317515
-0.053314258594690335
0.022229671651780615
0.1146607473158714
-0.3331041812343576
-0.04518217687040557
0.16633734404725764
-0.30207762078021194
-0.783099198348354
-0.3712702118066847
-0.32613358673766907
-1.1378541993407667
0.0032453649924568334
0.8616530217803537
0.21693488455979387
0.49721591893786343
-0.06977483183344535
-0.2788287264022611
-0.037298597441957036
-0.3723902774285595
-0.5005735956413531
-0.26417522064192545
-1.2033019624659598
0.46672011621413334
-0.6500761753985782
0.30311154482334585
-0.024779273402852454
0.3268352672830523
0.5392004113628586
0.4311234376669122
0.37714973333823476
-0.1339672135057053
0.1239850584134017
-0.04111680074540434
-1.468334145095597
-0.7422198346286879
-0.15968754940040084
-1.046213356295901
0.12597644130571795
0.17992960513276682
0.035966435077388836
-0.6469966090642564
-0.3705676439157455
1.0369163364472218
-0.7912165778252264
-0.4904450146116636
0.26298378834745967
0.18996918780308297
0.04407598275215804
0.19830921334837104
0.5239843793977257
0.27014840289646436
0.338387531217665
0.38998944482475373
0.14896431520186276
-0.05434097813023964
0.06775773111482647
-0.7378830940019996
-0.18106012801687238
-0.7892959375689411
0.03397663980889789
-0.14356282793309208
-0.055493744860149796
-0.6378789437760494
0.2673060272772679
0.22067208655766288
-1.1047989311907744
0.07083684973446328
0.31033372836566364
0.06794713130020595
0.5419114331301662
-0.1580061465858268
0.3121770217287903
-0.9888489115092453
0.24494648508188172
0.13297048177965604
-0.8815742606248222
-0.8933195371043432
-1.2079397520373651
-1.1716204925871334
-0.12626298641482758
-1.1173933632877036
0.15594920435047552
0.15158390580829778
0.38633445006049855
-0.32287166495260494
-0.10278476204862509
-0.10668266117526598
0.1402675381631855
0.19098185115534078
0.09446819617446439
0.16508290074668378
0.6427525037394058
-0.07515287306114093
-0.4618066782054094
0.0518895508267618
0.25803844479328575
0.16396105148265794
-0.3157509789105896
-0.20822285882933017
-0.7494899653925157
0.3702543406488804
0.09689597782342163
-0.12905309000205709
0.12897927240055126
-0.37805995934563247
-0.06947293689106408
0.25794394849050334
0.4452395770484963
-0.3332535231430158
0.04269344218353926
0.1799835941160458
-0.4923763995349595
-1.239865194777839
-2.0890003986471704
-0.11958620756140839
-0.2714096634367972
0.13333992809003095
0.25893988154264286
-0.8683875091757876
0.4354079761341094
0.3059085564479368
-0.33346037123166816
0.16956464955429706
0.07675988304285536
0.15798239908843326
-1.5883060951856147
0.03263513461837146
-0.3685320717527125
-0.3749018862476015
0.08377869205959303
-0.2541125517991735
-0.1966834708456517
0.070985396099845
0.2703046287151896
-0.28800667195932544
1.1619570822145895
0.21285376530667052
0.026959248734594977
0.4139478314905839
0.2538363262846484
0.18886747190275482
0.15922513636108404
0.013827918799224993
-0.6169965342957934
0.6621179820775956
0.17795753138347126
-0.06327054521737085
-0.6160833293472354
-1.1509675552621328
0.5178972548053873
0.39513403392829133
0.12693510324395185
0.28398369320635053
0.16335609101478726
-0.10740763735270185
0.013874173034569053
-0.11932284424694081
-0.44240932646696884
0.3008872093979448
0.06581943325649452
0.0252485183917853
0.4551555667060891
-0.258840936548116
-0.25900050572292127
0.1714157703861773
0.02607592545391482
-1.7141013291392437
-1.1071153348023608
0.20771200430312053
-0.2579483887004051
0.014652123893595055
0.19311665191562638
-0.8776898563808363
0.17281917300116917
-0.9188487543856279
-0.40578363241040766
-1.071177279064348
0.16969793537815614
0.3386533840388387
-0.2160267716447635
-1.368470267276182
0.6134390268705017
-0.9101081718821569
-0.22754979459773095
0.05877255682258222
-0.04718609266591011
0.082383765651676
-0.13031108946113515
-1.1518773555259894
0.052106465458197256
-0.13183201198257288
0.8930622462942468
-0.7558982661093949
0.4426100523568307
-0.532658802095014
0.00190860529060134
-0.06133909969061258
-0.0018583847764066857
-0.8907281320645021
-0.8271685836972501
-0.3438743990174138
-1.2760671266605574
-0.2399156807894153
-0.10458791858256244
0.4440047292403884
-0.5125140037068683
-0.14418261080025976
-0.22821484922979546
-0.10506251931258738
-0.2594048090556581
-0.7072010374723656
0.23003619811271922
0.555462609060278
-0.3956001781136117
0.014249325246584026
-0.35000230489206224
-1.2921619640640531
-0.12390100255426961
-1.1299529753608881
-0.6132290152151348
0.27646542987429734
-0.773289421183996
0.1387935034451662
-0.12678381388641288
-0.8116769211856042
-0.659091400820577
-0.2636642045549044
-0.16584869198071653
-1.5616444092894566
-0.4789119894470371
-0.15465869480875316
-0.13013452217780322
0.09399917377436721
0.06432615358120378
-0.7801098711918846
-0.7931158894486579
0.022134919080097053
0.5671864792518613
0.04799545298121072
0.3349978896168308
0.0010009872734532729
-1.0681174515674219
-0.09310547946779803
-1.0656421199125696
-1.14955279892886
-0.5851728848005512
0.300999683888091
0.14500035665206576
-6.850841917754716E-4
0.33956212318878215
-0.5694846488016111
-0.03052661379160481
-0.1155035742150528
0.2830024399700236
0.055000303903916574
-0.7259742975007323
-0.47311243185668134
0.6580199000240314
0.37940440532056424
0.12205219738199573
0.1310002252875186
-0.033324854984652694
-0.12365197151371614
0.6145953423266838
-0.12963261765423761
-0.09481263155233874
0.2573458417120627
9.697379246675599E-4
-0.2194542367961914
0.21700031556610944
-0.31811092308474276
-0.3177125217400111
0.4506690011870698
0.12190867253661306
0.28400012809844005
0.21399868411493866
0.18872065326893717
1.1508271214838168
0.6342937994754053
-0.8660092528924537
-0.14884126663789687
0.25488103711536275
0.19600020939915752
-0.796366267588345
-0.26129943050838034
-0.473304370736189
-0.4333029808824423
-0.2398888625142776
0.0857622403572738
0.03600073531812958
-0.04664830058768191
-0.18363907517350989
-0.17192741544950096
-1.40366355298681
-1.3247006334309388
-0.9704406306690848
-1.4109965852142397
0.2549995853100629
-0.5516072328827883
0.024054158244881826
0.9394599046260299
-0.15236353666126914
0.1389980452626681
-0.0030010676955244757
-0.11427298077895397
-0.11300899218889199
-0.2775215658714937
-1.3215235883076757
-0.16014725801830806
-0.6856939012135391
-0.08765598534387055
0.284003202526976
0.6521592401693675
0.7868599573529619
-0.35565013192784606
-0.8319134939616453
-0.3706831085578605
-0.2108182484467562
0.3340000478440407
0.22080340036987875
-0.010089159125176743
0.23813206563773343
-0.9472839368062516
-0.25381265075058124
-0.08779383205683326
0.16400129429843238
0.5685218399087721
-0.3321696617500442
0.6095275734827708
-0.1183588580861364
-0.10198754176662131
-0.07024870841784442
0.2773736653672448
0.019000433320693493
-0.2855631010406004
-0.13194147517122487
-0.4821506796009874
-0.03276673748076458
0.4190002842300205
0.2170009601056965
0.21595281225948168
0.01851001946790837
-0.7024524549224888
-0.27038378980316036
0.48151854747810474
-0.44363231710382783
0.3390017688300891
-0.33695185880322515
-0.17431655564194662
-1.0715493188518728
-0.12075996375885036
-0.09317112861459582
-0.025999343990266995
0.18900100621979055
-0.08277891455261097
-0.36117662603764167
-1.0731603598412545
0.019268750948583515
0.15415352703026047
-0.5085233644565483
0.10497243598509323
0.10193599217535185
-0.49502322644935587
-0.8429443409088876
-0.06744511360042502
-0.24743356517261256
-0.6910255529595968
0.19027783760844663
0.9828207190498137
-0.19508317848455806
-0.6929019165292873
-0.9201537490876041
-1.1008176294611427
0.6184625301046665
-1.110195933325408
0.7534569748928981
-0.7621018051153904
0.8140511850298553
-0.1294251531764395
-0.8149008186652266
0.09911740040038004
1.5210793461796515
-0.10132980859026014
-0.2638842475405846
0.11224638550924308
-1.3486888201396934
-0.12096357917662856
0.04109740908409785
-0.08331487387625608
0.517986809920631
-0.46383154101700835
0.5014621398709301
-0.2667409187348261
0.02034268377723711
-0.2575290768901624
1.1385117029425664
-0.09243448532644026
-0.07690955024335923
-0.18780121364949606
-1.6249508593049045E-4
-1.6625468936779266
0.06842744203972197
0.3004138531764495
-0.056543227696618986
-0.19494688256623588
-0.011838632105966453
0.26052297588650253
-0.17353882149282238
-0.08709706921249158
-0.18891548064883065
-0.1639612553293586
0.35227772873467184
-1.2465946594640385
-0.042466757122070695
-0.19149667100306936
-0.06504644788197068
0.10860158127143363
0.6386899280416517
0.03771439075340707
0.5101491339545047
0.5817025724836051
-0.19045820740504268
0.7487799804680181
0.6012083853068566
-0.36158301363167605
-0.030174098694878883
-0.11347880897562664
0.04163615371293324
-0.26986681147981556
0.21794025266278905
0.30284478820719085
0.02413458557907665
0.04779620408106124
0.37995521655398573
0.23889056119722224
-0.4508380111824485
0.6455189707663208
-0.10414189692185254
0.19928597448558044
0.5649371431263542
0.46995564968619874
0.4699506726281334
-0.22047527376817463
-0.30750707738056554
-0.8068220068396467
0.11708657228266689
0.032918144357813636
0.12395140164392851
0.4379757128705885
0.03865569099027211
-0.20566248146117722
-0.802521220721319
0.03378969165102058
-0.15210860045754232
0.35997581010147495
0.46097524000099993
0.167160546052661
-0.1445647846675611
-0.5620379437589247
-0.1414165644472664
-1.7137855678808382
0.2699578595324589
0.015543113078778682
-0.07638034341293076
-0.502151072919152
-0.17755352732554858
-0.30660779760925216
-1.1669250577468433
-0.050877825075165424
-0.3391564935374465
0.23994188025071286
-0.028894538032387545
-0.5326393550970518
-0.6645833225402138
-0.968272288587145
0.3049800511351953
0.5009690959887658
-0.7540155210518736
-1.2589375838433798
-1.03864534647944
0.3770390305465669
-0.020093573405009696
-1.3743309769775995
0.21297798410697277
1.2186759642496718
-0.16327314858617611
-0.11397519309759771
0.1636959792658091
-0.23535580311088236
-0.5196330744630414
0.3249743703688949
0.13687184628444754
-1.3491780973950918
-1.6953335592780574
0.17118363826926955
0.4504627763346805
0.2934530086261198
0.49402263488413384
0.4169809742447673
0.28911557687068246
-1.3049534609437734
-0.5918188359089173
-0.10145045267422022
0.2909415371651634
0.33995530000320545
-0.10092795834082162
0.24086981602473706
0.014747241307752316
0.33787031700187176
-0.20334825492784095
0.5000843499724069
0.010853271637768669
0.36896322077979704
-0.4941829585756904
-1.0628507918988583
-0.6621596322442027
-0.3789761823409758
-0.04770529815768171
-0.0452884854641126
0.39097757020525004
-0.9897309187018397
0.004402673921139063
-0.534650045894551
-0.5931454797060008
0.018998485585521467
0.1392013540290389
0.5899782502530859
-0.5455532138839109
0.06545875378630887
-0.26309521583624773
-0.10010955459424724
-0.06853595973449386
-1.1038380733737676
-0.4225559156909966
0.19297973447805764
-0.16556432700208007
-0.4545348176090034
-1.3813882095962453
-0.018907758880845376
0.47497737907702253
0.5459633187342237
0.20162804769692713
-0.20268174057311622
0.15317423844136932
-0.7659761555687162
0.23167485629170967
0.4317612094111721
0.4329671230589317
-0.045377606200975626
-0.5847139386485327
0.6702536020645089
-0.47584998757439034
-0.37304066466755886
0.35995520089970123
0.51096576708974
0.09166616630452878
0.2781904153219208
1.0001644442541613
-0.1638100677425026
-0.017856585135047696
-0.27344276031142434
0.12276823541749003
0.36461975511476563
0.2561501281093007
0.25746896784447126
0.07937722795387828
-0.11087521776072243
0.568039147012969
-0.19002891959674514
-0.7682879908858136
-0.8754626083025424
-0.18074382871865963
0.4722225165687557
0.34935530009786475
-0.5871374898077576
0.804530407167277
-0.9839192156521767
-0.05671874011519043
-1.2283652215743033
-0.19257129991928557
-0.34254653066783725
-0.3503094776747192
-1.5217934868151406
-1.1629762514115904
-1.3191094265357095
-0.505631400059171
0.41764217618890026
0.09744194096707899
-0.056741918950548545
-0.39299522673783355
0.6571530892138068
0.25602465666610735
-0.24270147429274627
0.06259823510035627
-0.11741913118965552
-0.9686704683780042
-0.4335163969972423
-0.45654675957517193
-0.21097188705944042
-0.4084562347207301
0.4395432301661899
0.6594365563062476
-0.4369387641828607
0.3315046547708132
0.03256804334266711
-0.2393358495133948
-0.9540783820899092
-0.09231089886240074
-0.1497221812030417
-0.011645424620145652
0.4780695237007453
-0.38102988238773106
-0.13958784153999096
0.2641521991134181
-0.7581545567069079
-0.5196629626818173
-0.6076308092207869
-0.5216630850817233
0.5009614860412624
-0.526258909293907
-0.7706444650739785
-0.4612223103877449
-0.6399512317577468
-1.1700838831861662
-0.2879446877503659
-0.22156505868562645
0.8221116142175808
-0.5887109718111407
-0.3395939359448342
-0.4083161577338751
0.09543441511743558
-0.590061875158779
-0.4946853690982346
-0.042678712236379736
0.2449160043861495
-0.7615734475872876
0.6749630411282486
-0.007686422737621203
-0.018475094737537123
-0.580290895871806
0.13089253382848223
0.1789171748431863
0.28290626524425455
-0.9256864989346758
-1.1374610327971997
0.7758257349574758
0.7228594840852907
0.06594465387276537
0.1629128535938372
0.33495478333769496
-0.017233592054406267
-0.24244263898111731
0.9478783252570718
-0.6030855109937399
-0.5751638954818434
0.11695257903611486
0.3099542955144799
-0.24236157235886296
-0.2209661636220114
0.06880780754038107
-0.9575707312023151
0.3761115972850219
-0.09407354503198657
-0.00276220801237947
0.07383474058730344
-0.5375431812957545
-0.4514155330873933
-0.5021363546765798
0.4667499382601014
0.005404977146664021
-0.31176704497153285
0.19190328459102748
-1.2249514361022762
0.029519887914470428
-1.3884927732178949
0.6901778648987659
0.1949625955800983
0.23094754385579241
-0.06209693630443923
-0.3805054017521603
-0.36798182123295464
-0.8510255502674959
-0.1611999301485953
0.4487165867910701
0.20796015633918216
-0.29095570973722346
-0.45782927149547153
-0.636959525953466
-0.22686826064379365
-0.47934758681913137
-0.38961305845171174
0.28595302680287615
-0.03885508833296376
-0.26589533438620283
0.9349914192886174
-0.778520676762111
-0.5611060257896784
-0.8295064179807058
-0.44656204011798745
0.10796233093695926
-0.6334230318038392
0.20127933417943175
-0.24012389217855257
-0.5059552480756594
0.14989189867217315
-0.0050811160196612875
-0.22050630577242328
-0.24718387164313066
-0.39898176634432175
-0.00568096468547401
-0.45497586543860274
-0.35557177950435004
-0.0515194622274964
0.07793275363949068
-1.2127716840350984
0.7974998589615264
1.179576546152177
0.341388361626989
-0.11604297251412055
-0.11557629337072219
0.06195694034995365
-0.2486591279769073
-0.1669587089384473
-0.6528235862244057
-0.28847830929376994
-0.585208569439799
-0.1262731290744179
0.11096006894389515
0.2902654060036526
-0.4131728817540621
-0.5297510912488951
-0.5503439282555773
-0.19916028967708935
0.4516156128335101
-0.4733816929847903
0.08296178129651899
-0.22414804734585023
-0.35588301044464826
0.900135911134394
-0.5453936978003938
0.26596005644156284
0.3259357894555638
0.02937845297156802
-0.2591889531854442
-0.8684889791133211
-0.044891385986561776
-0.7774581542747909
0.07423272390956494
0.08594378424003457
-0.6978762045125878
-0.5688501964205895
-1.0793114133778685
-0.6656472750455645
-0.43147871440026414
0.291912432250875
0.21894568027627206
-0.27909082320284223
-0.38204005157005316
0.30759955226945873
-0.35377812926139096
-0.5331844674394478
-0.3736995814243647
0.05261628856832752
-0.15961959832611286
-0.4390584834004527
-0.34542970166067033
-0.46727499753883317
-0.28284228197168976
-0.3363037059354109
0.841441260085429
-0.8960455904776387
-0.47095982569389355
-0.14560227400430237
0.3135080978375785
-1.1763593351224582
-0.5331107060674029
-0.06748099550549619
0.481152441236787
-0.42950630494272624
0.4098859741031193
-0.1913608036547075
-0.1754167356456987
-0.6530253206336846
0.3132746893741417
-0.4119784754418169
0.46366421810809244
-0.5996580211924672
-0.415143579703491
-0.23949175864528158
-0.3153836652114141
-0.503599855779508
0.3022343987147025
-0.30112825116507136
-0.46554576554796134
-0.865834088469309
0.014464047412309035
-0.11372709645053286
-0.4986953750284449
-0.17587662884454802
-0.06659271508744573
-0.21250640039055935
0.010468861322372793
-0.07735558346150215
-0.2575501264830579
-0.21344234220683095
-0.09025935412314798
-0.3085833283303382
-0.4731931458886955
-0.11749626420394181
-0.4215286094267965
-0.36260420961671186
-0.3347469519117903
-0.34737049460433067
-0.2625377898996734
-0.13003240667156266
-0.32017109225372975
-0.36251625616984806
-0.43806294960828174
-0.09748383938331988
-0.3366342405690069
-0.26223041992060697
-0.1948436316017396
-0.17495542708381787
-0.17623007142100788
-0.11984124150538716
-0.15439313932598872
-0.3061884326094116
-0.12005311766630672
-0.24867398522293258
-0.11805807026543308
-0.06336831737021996
-0.2202377377533758
-0.056473426425278125
-0.2609580221064733
-0.2249473893375148
0.09800005676277629
-0.13253212692041674
-0.4064168380945205
-0.24954471563386157
-0.1119864147457342
-0.24496288745053527
-0.033999925228693106
0.24000005393406518
0.20200005826186987
-0.22721421284182694
-0.20096039625010184
-0.34620928317373323
-0.11489175772887299
-0.1458492010867863
-0.01799994081242013
0.008000028707530455
-0.17291996621649844
-0.23113663119968764
-0.29596234885907285
-0.3392538633474098
-0.25387071488319934
-0.10099997264924677
0.06400002841275303
-0.19672255586206616
-0.11472635980157306
-0.4328262682228137
-0.3258062256588196
-0.1502513955739357
0.17400004857414894
-0.2519975898416904
-0.1269871017540825
-0.25518067440144104
-0.15068418813980505
-0.3077194136249302
-0.17624076502175592
-0.20198401213194783
-0.17055251733082624
-0.1489999373224019
-0.3059094123454668
-0.41188300282580886
-0.46973521985990363
-0.2004964943605257
-0.001999974329174485
0.1280000373198279
-0.34695037991940686
-0.17015247375874484
-0.20799093735783764
-0.1238563704502489
-0.10825315738014736
-0.2563348609116124
-0.24799997394231055
-0.4659808632028625
-0.1623771402171912
-0.2579104004568873
-0.09177193653452241
-0.46688481113258523
-0.046342449650434075
0.24900002803854693
-0.004967177222028959
-0.06574515880834252
-0.4348871570178382
-0.3056080664218128
-0.41592568087447196
-0.18807253887035977
-0.1381213384449822
0.12500002703538132
-0.2336299600478007
-0.23898545437219357
-0.18691669849009185
-0.18194363016832554
-0.08899992200025819
0.053000056125949706
-0.07581759134622226
-0.30557387515339635
-0.3038704545549117
-0.31472905185537114
-0.31091858615737644
-0.18956822213437738
-0.28381171705960745
0.14600004087951154
-0.23751676112375286
-0.1068529669426401
-0.2685532250857448
-0.5463887347853184
-0.2511060463145192
-0.09596739776473884
-0.08999997055716694
-0.4354458505230496
-0.09198104910637758
0.05669997808375761
-0.35873767769909454
-0.2256903641835408
-0.34008341253876634
-0.2719999742416932
-0.24816841680562443
-0.3976527771598948
-0.256229528876898
-0.2799597891400995
-0.1249107365210694
-0.25617187152306226
-0.2819134554286426
0.07800002449432225
-0.3932788979190301
-0.25371173767899
-0.0560837886642155
-0.31039952014844074
0.020000026500907462
-0.08699995586759562
-0.06599951485969267
-0.09716340251751986
-0.37318370782967214
-0.24416614140557738
-0.3555122154578926
-0.135774230717433
0.12700003417673575
-0.25029969506687216
-0.17595050919429492
-0.2158394952881146
-0.20256399880392276
-0.16430923591470645
0.001000056046611553
-0.051999966341457
-0.13188187250121208
-0.27752877022009614
-0.19912169753071488
-0.24956548605080323
-0.24973724235747818
-0.2543346587612392
-0.11399971172716028
-0.08399949877822256
-0.29512918796152265
-0.25959710518409546
-0.3118675510439374
-0.1478201356474466
-0.1988115901811709
-0.20898571762879148
-0.1345974885831206
-0.23816892096588077
-0.26283142065023907
-0.04240526068148438
-0.2556272128032646
-0.21608265976058993
-0.22793286625872272
-0.28329317315207997
-0.22236564368041312
-0.1291326917446666
-0.32017589739056984
-0.21735623943862578
0.025914891749634152
-0.06693383401831622
-0.3355034755022073
-0.3975810709581789
-0.26034585117754555
-0.32282870931789015
-0.4314485663108572
-0.34991196949013426
-0.20908482678472798
-0.19638369543794287
-0.11578205677836712
-0.3068071268998917
0.06334171329413767
0.07328437508015576
0.053505770478973015
0.634474163389291
0.13057946857719221
0.20315703174702426
0.2257438910350684
-0.7055556175826327
-0.12202670943413674
0.5528430580728471
0.47663509017470723
1.0107052379561843
0.13592393631296718
-0.3717522776916989
-0.27469451677915646
0.2491468635672568
0.0037787392667720573
-0.2705978502929339
-0.2700465237817229
0.0904943898545928
-1.1048131131821135
-0.5788734569505093
-0.8166601429257149
-0.3269861499540153
0.15270713186604307
-0.667322244116759
0.1331616035841246
-1.0028541397123356
-0.14152671758239443
-0.6182425511853217
-0.9391425666166949
-0.7445532536547245
0.6146085920809806
0.3407964674471326
-0.7246915995790201
-0.12508522462200594
-0.08637564604933609
-0.758015756354856
-0.3223116970491498
0.1390201644416387
0.18979956725621958
0.04932353818751193
0.11053192376617771
-1.0979445410353856
1.0625563226464378
0.08519439822834703
-0.7174238195227355
-0.002616567386406794
0.18236072657077237
0.3873017622501372
-1.4653934741603172
-0.884458532153145
-1.1206678640052823
-0.20935835070242928
-0.15939609557367307
0.2442768722517584
0.07718674315906324
0.10945266921376201
-0.305369445628284
0.6523247734169085
0.44705171071009137
-0.2100522551306154
0.06414434811800716
0.14917894127517567
-0.400520438738862
-0.04315243266868371
-0.19559075252591063
0.5035792011326218
-0.011815850132285564
0.09324750793052121
-0.16141326801530786
0.06168631776088606
0.02164711429387922
0.2600697265993216
0.053549452845830924
0.3251871995778403
0.08906574455578711
-0.011516954164391293
-0.046632549985804905
-1.6482911533969176
0.5175068631916998
-0.11218283103536485
0.683927574962929
0.2421698095246346
0.16122103570872326
0.2613664254223501
-0.4626711239553945
-1.129004475423217
-0.9230219578525896
0.23070320588903673
-0.194733945901786
0.18515664233004686
0.285879928046236
-0.11582999451000563
-0.7412183971592168
-0.5975210279846901
-0.3473448699517625
-0.12368117839638827
0.2461646551659468
0.07564295869578005
-0.3079838747483706
0.6053211803850365
-0.7202516891379912
-0.6512194432454188
-0.09371044610466062
-0.9906451195387422
0.0851406892520204
-0.22806224847987427
-0.18950098699503534
-0.42711932589612145
0.5367022862219196
-0.03459378876330825
0.2332669238056968
0.21002003491674856
0.12955083304216095
-0.1532513367293677
-0.48941552352304396
0.29739186657987887
0.3056012400884011
-0.10117382552812355
0.05121038649957577
-0.9912258171126129
0.7177544871966781
-0.861183437043185
-0.09228687534088763
0.2107341019669125
0.052691872122965625
0.20120256494293245
0.1588580087374611
0.10768399066621491
0.10202304785540531
-1.0280991442777214
-0.43633030995701205
-0.04762267626658772
0.049146982642910675
-0.026704260032852076
-0.1919203690381537
0.3324635488109056
-0.4132703514574586
-0.18115992753875362
0.04245077448050834
0.015799775569787494
0.06911416987170792
-0.15348713988211246
-0.7768014764013588
0.8655336776823648
0.4417797955348235
0.1881669899623666
0.32522770684294766
0.10613933987350842
-0.0418400687914299
-1.249195831273914
-3.933016990544143E-4
-0.8518320514390344
0.2668278138693491
0.23024306318060211
0.40763006863388634
-1.5399856480277276
-1.1073077392876483
-1.0234979648371798
-0.14117482761516204
0.2482970961325112
0.061191391296793164
-0.02466776955245365
-0.11651213053046951
0.2094439213997516
0.6335575433063345
-0.5187776407208975
-0.04551083856616598
-0.10373715281252142
0.05659260771604368
0.7396891209344006
0.08494120142968979
-0.4367645283701057
-0.4390880398938227
-0.2983991924853543
-1.00127733220623
0.44513493996578923
-0.705592207394381
-0.7109691595230933
0.025755580231402068
-1.209059575162903
-0.9267041940427636
0.8535069311752458
0.5418056308518652
-0.5397376994504067
-1.2171106039624935
-0.023814510495646098
-0.4542095785704874
0.5057884451573139
-1.0451876746464366
-0.014485059594456931
0.16312874134172892
-0.43322836811707344
0.28235382200716463
0.13990786388759607
0.7251731479361746
0.1896078168835527
0.7787330316452837
-0.20586581341321056
0.20736535298897213
0.6816760580153437
-0.695815068436016
0.2708581916778852
-0.2578353197515668
0.3708382756510902
-0.08620359324445494
-0.07978412368756245
-0.8556077673692563
-0.816918742091495
-0.04234111872163609
-0.052661958285332745
0.2770719767022319
-0.09666254714982779
-0.3933184692286897
-0.45571946103559324
-0.10174868130044733
-0.09180335193225203
-1.282681309570092
-0.12091635958352216
0.21974712951815084
-0.1797545925238088
-1.031080224401609
-0.7547745963498687
-0.42985226703661233
-0.18527581812706848
-1.137558322506083
-0.021756743599166652
-0.6682199994557932
0.18685716701198757
0.0898978370463818
-1.4921635373186113
0.16218638877160688
-0.3770079911777918
0.038599776226537784
-0.441408059171608
0.13315198826751687
-0.09410164991908271
-1.0874071484958503
-0.5931138635322799
-0.15034106904954875
0.033792093782722556
0.32289744811284976
-0.3665011899668566
-0.08117785967656352
1.0099819849032834
-0.23662055691862938
-0.9987177571497478
0.3347865411414135
0.07285174492981525
0.2708610055669067
1.0371557510624936
-1.524881967836782
-1.0303294082650394
0.1985876632825685
-1.1301501964584275
0.22491609034064322
0.34794192992157874
0.12186476816569439
-0.8656209825011405
0.007565786664946619
-0.14577742808228822
-0.1637635250448674
0.3129489887302373
0.32892127562299533
0.03302058797419004
-0.11342976548024541
-1.6155508796365285
-0.3149467636490151
-0.006027022346488002
0.22687782057106337
-0.051220504167981025
0.02706244521056473
-0.17660720096554694
0.04353949133303266
0.0178351172696401
-0.023838610220288582
0.15011215728520516
-0.16582604009064325
0.09983919409837762
-0.6543177041433735
0.1673466775908931
-0.8699486852714441
-0.7581453359512854
0.3419247759200077
0.06892063434123398
-0.8442895452207081
-0.8635166577845718
-1.410002864533864
0.953643224426183
-0.11682557350366272
-0.015016353446100642
0.27091498368704797
0.15834618475763468
-0.11452027497205138
1.0240766076791623
0.7825727681331783
0.21826777651611667
-0.2920145131451157
0.5229442424573304
0.085790390304621
0.35244686183535684
-0.819033248943019
0.18766788534355994
0.8482495150238163
-0.4646942775067594
-0.7639835884665401
0.24793230962990034
0.2666843386704774
-0.12180938445624685
0.6559061645768074
-0.17316755336787204
0.25582648736685976
0.3658810030778407
0.0139830013418318
0.5208253766588682
0.18022258317997458
-0.3709472520172546
0.1635194893270935
-0.14500690717628592
0.02028190786713001
0.39292936201367556
-0.8704725837262647
0.3863460295557433
0.683017290156708
-0.6501423930396742
-0.06247118229596801
0.11671572699974729
0.21291245214825266
0.23177131372114848
-0.26406970549378467
-0.49396935617736204
-0.35237071938077785
-0.34594291178680125
0.06489292317125145
0.13693758207173715
0.36063561744056005
0.20340300065370584
0.20127904769173732
-0.7917140966321317
0.6145382614240001
0.405204870125512
-0.31891868376702864
0.2549571325472396
-0.19454609694164726
1.0015804649421223
-0.8022655324321033
0.12783880645741771
0.3529223321788472
0.24888407433845675
0.31901902207828803
0.07360293337838399
-0.8607927629296476
0.49190828266704856
-1.1325960789221132
-0.183977335783185
0.4529162401206749
0.7273456121979878
0.6422348971878277
0.0466008662477752
-0.925734868831517
0.05396005825400422
0.22585316533898006
0.421918580344532
-0.12608545605287264
-0.1207776594085437
0.1289490006408973
0.5011296319093712
0.549372020173235
-0.3944555423291877
0.01946027754003174
0.2494453294568032
-0.13953658075504413
0.8776396846040205
0.6166820012882442
-0.031992374613856255
0.23030293128234666
0.1582187986865719
0.4803481934836913
-0.4845393512487427
0.15254614985309872
-0.5639891743998471
-1.248598141295789
0.3948299914857915
-0.3748350189530003
0.646609264835904
0.8113525211449729
-1.6811690243266537
-0.1179497596235062
-1.2841010642399782
-0.1911143161149997
-1.1620174794091422
-0.8037221489229938
0.030010415028108823
0.8771547654538835
0.19187599848978606
0.5695722678841094
0.16926644593870077
0.22593921433908812
-0.04658881540313214
0.08844686082957867
-0.20185550224479026
-0.6354828473552744
-0.9078701691577337
